0000000000000000000000000000000000000000000000000000000000000000000000000000000000000000000
0000000000000000000000000000000000000000000000000000000000000000000000000000000000000000000
0000000000000000000000000000000000000000000000000000000000000000000000000000000000000000000
0000000000000000000000000000000000000000000000000000000000000000000000000000000000000000000
0000000000000000000000000000000000000000000000000000000000000000000000000000000000000000000
0000000000000000000000000000000000000000000000000000000000000000000000000000000000000000000
0000000000000000000000000000000000000000000000000000000000000000000000000000000000000000000
0000000000000000000000000000000000000000000000000000000000000000000000000000000000000000000
0000000000000000000000000000000000000000000000000000000000000000000000000000000000000000000
0000000000000000000000000000000000000000000000000000000000000000000000000000000000000000000
0000000000000000000000000000000000000000000011000000000000000000000000000000000000000000000
0000000000000000000000000000000000000000000010100000000000000000000000000000000000000000000
0000000000000000000000000000000000000000000010000000000000000000000000000000000000000000000
0000000000000000000000000000000000000000011010000000000000000000000000000000000000000000000
0000000000000000000000000000000000000000010000100000000000000000000000000000000000000000000
0000000000000000000000000000000000000000010110000001110000000000000000000000000000000000000
0000000000000000000000000000000000000000000000111000011000000000000000000000000000000000000
0000000000000000000000000000000000000000000000011101010000000000000000000000000000000000000
0000000000000000000000000000000000000000000000000000001000000000000000000000000000000000000
0000000000000000000000000000000000000000000000010100000000000000000000000000000000000000000
0000000000000000000000000000000000000000000000110100000000000000000000000000000000000000000
0000000000000000000000000000000000000000000000010000000000000000000000000000000000000000000
0000000000000000000000000000000000000000000001101000000000000000000000000000000000000000000
0000000000000000000000000000000000000000000000001000000000000000000000000000000000000000000
0000000000000000000000000000000000000000000000110000000000000000000000000000000000000000000
0000000000000000000000000000000000000000000000000000000000000000000000000000000000000000000
0000000000000000000000000000000000000000000000000000000000000000000000000000000000000000000
0000000000000000000000000000000000000000000000000000000000000000000000000000000000000000000
0000000000000000000000000000000000000000000000000000000000000000000000000000000000000000000
0000000000000000000000000000000000000000000000000000000000000000000000000000000000000000000
0000000000000000000000000000000000000000000000000000000000000000000000000000000000000000000
0000000000000000000000000000000000000000000000000000000000000000000000000000000000000000000
0000000000000000000000000000000000000000000000000000000000000000000000000000000000000000000
0000000000000000000000000000000000000000000000000000000000000000000000000000000000000000000
0000000000000000000000000000000000000000000000000000000000000000000000000000000000000000000
0000000000000000000000000000000000000000000000000000000000000000000000000000000000000000000
0000000000000000000000000000000000000000000000000000000000000000000000000000000000000000000
0000000000000000000000000000000000000000000000000000000000000000000000000000000000000000000
0000000000000000000000000000000000000000000000000000000000000000000000000000000000000000000
0000000000000000000000000000000000000000000000000000000000000000000000000000000000000000000
0000000000000000000000000000000000000000000000000000000000000000000000000000000000000000000
0000000000000000000000000000000000000000000000000000000000000000000000000000000000000000000
0000000000000000000000000000000000000000000000000000000000000000000000000000000000000000000
0000000000000000000000000000000000000000000000000000000000000000000000000000000000000000000
0000000000000000000000000000000000000000000000000000000000000000000000000000000000000000000
